United_States_09d4:0.0454852507732353
Week:0.03772705069781671
Sunday:0.029203165906032547
Monday:0.028553038474976013
Wednesday:0.02825025222869564
Friday:0.02741482898377306
Saturday:0.027087909272236307
Day:0.02680241129328086
Thursday:0.02663301041406329
Tuesday:0.02647985715913479
Country:0.025347654552460554
Wikimedia_Commons_7b57:0.025030209342995477
Europe:0.01831436627025558
United_Kingdom_5ad7:0.01726088026809777
Earth:0.016532332974908595
France:0.014063151455722319
Water:0.013990694074367606
Germany:0.012923231029418638
Asia:0.012715042483263852
England:0.012657010570046909
City:0.012343067541579591
Animal:0.011625011036475933
Sun:0.011349370183746108
Year:0.01115665332330853
English_language:0.010747789338969041
Money:0.010391974369820988
Government:0.010244875782399979
Italy:0.010184014406384702
Number:0.010162091446642676
index:0.01001340626273539
India:0.009831644364015686
Canada:0.008722623886963899
Wiktionary:0.008586675916110575
Spain:0.008551767401417122
Plant:0.008538664323993882
Planet:0.008314112717676667
People:0.008269425955768829
Computer:0.007942147936913066
Japan:0.007920412477290431
Wikimedia_Foundation_83d9:0.007767705377697868
China:0.0076336577985531935
Moon:0.007525919978151609
Australia:0.007486019926958532
Energy:0.007484332904204559
Russia:0.007260311288695717
Human:0.007199562564065275
Thor:0.007184595619813111
State:0.0070957074026162855
Science:0.006838893673541622
20th_century:0.006781715769856163
Capital_(city):0.006651064831413421
19th_century:0.006442635008879791
Geography:0.006399262623998236
God:0.0063775301228415696
Greece:0.006312461093133384
Africa:0.006276024113201375
Greek_language:0.006231107226943432
Religion:0.006200854234929282
Mathematics:0.006191403199456686
Scotland:0.006099852514683112
Food:0.006053776661276938
2004:0.005984866932524986
February:0.005840806964818388
Language:0.005811990915690682
Poland:0.005751616796439403
Wikipedia:0.005734922742142722
Society:0.0057320667091768805
Sweden:0.005632091057134353
January:0.005608437803081466
World:0.0055824994171650285
Turkey:0.00555244722320288
History:0.0055453986994576454
Centuries:0.005530586076582796
Cyprus:0.0054937006824995775
Television:0.005463504916069171
Culture:0.005435489451664863
Law:0.005388481727693353
Odin:0.005381232839626957
Sound:0.005340248109379373
March:0.005314159609413709
Latin:0.005286269388816302
Month:0.005225667256954458
London:0.005204979562437963
Music:0.005189592129546086
War:0.005168338166881445
List_of_decades:0.005078875341472842
Denmark:0.005063828554266997
Portugal:0.00500231667778429
Greek_mythology:0.004976419222982018
Metal:0.004966963218853904
Plural:0.004916565541951172
Austria:0.004860750120543997
Scientist:0.004813227495006541
Liquid:0.004775088070909461
April:0.00476278120169472
Netherlands:0.004757545211132822
Light:0.0047563468275417554
Norse_mythology:0.004715423222849549
Information:0.0047076801314134735
Atom:0.004584355253553932
